 id_variable |    consumo    
-------------+---------------
           6 |  13990993.000
           4 | 599243349.000
           5 | 599946778.000
           8 |  50003836.000
           1 | 600331370.000
           2 | 600097267.000
           3 | 599575073.000
           7 | 399959204.000
(8 rows)

 id_variable |    consumo    
-------------+---------------
           6 |  13990993.000
           4 | 599243349.000
           5 | 599946778.000
           8 |  50003836.000
           1 | 600331370.000
           2 | 600097267.000
           3 | 599575073.000
           7 | 399959204.000
(8 rows)

 id_variable |    consumo    
-------------+---------------
           6 |  13990993.000
           4 | 599243349.000
           5 | 599946778.000
           8 |  50003836.000
           1 | 600331370.000
           2 | 600097267.000
           3 | 599575073.000
           7 | 399959204.000
(8 rows)

 id_variable |    consumo    
-------------+---------------
           6 |  13990993.000
           4 | 599243349.000
           5 | 599946778.000
           8 |  50003836.000
           1 | 600331370.000
           2 | 600097267.000
           3 | 599575073.000
           7 | 399959204.000
(8 rows)

 id_variable |    consumo    
-------------+---------------
           6 |  13990993.000
           4 | 599243349.000
           5 | 599946778.000
           8 |  50003836.000
           1 | 600331370.000
           2 | 600097267.000
           3 | 599575073.000
           7 | 399959204.000
(8 rows)

 id_variable |    consumo    
-------------+---------------
           6 |  13990993.000
           4 | 599243349.000
           5 | 599946778.000
           8 |  50003836.000
           1 | 600331370.000
           2 | 600097267.000
           3 | 599575073.000
           7 | 399959204.000
(8 rows)

 id_variable |    consumo    
-------------+---------------
           6 |  13990993.000
           4 | 599243349.000
           5 | 599946778.000
           8 |  50003836.000
           1 | 600331370.000
           2 | 600097267.000
           3 | 599575073.000
           7 | 399959204.000
(8 rows)

 id_variable |    consumo    
-------------+---------------
           6 |  13990993.000
           4 | 599243349.000
           5 | 599946778.000
           8 |  50003836.000
           1 | 600331370.000
           2 | 600097267.000
           3 | 599575073.000
           7 | 399959204.000
(8 rows)

 id_variable |    consumo    
-------------+---------------
           6 |  13990993.000
           4 | 599243349.000
           5 | 599946778.000
           8 |  50003836.000
           1 | 600331370.000
           2 | 600097267.000
           3 | 599575073.000
           7 | 399959204.000
(8 rows)

 id_variable |    consumo    
-------------+---------------
           6 |  13990993.000
           4 | 599243349.000
           5 | 599946778.000
           8 |  50003836.000
           1 | 600331370.000
           2 | 600097267.000
           3 | 599575073.000
           7 | 399959204.000
(8 rows)

 id_variable |    consumo    
-------------+---------------
           6 |  13990993.000
           4 | 599243349.000
           5 | 599946778.000
           8 |  50003836.000
           1 | 600331370.000
           2 | 600097267.000
           3 | 599575073.000
           7 | 399959204.000
(8 rows)

 id_variable |    consumo    
-------------+---------------
           6 |  13990993.000
           4 | 599243349.000
           5 | 599946778.000
           8 |  50003836.000
           1 | 600331370.000
           2 | 600097267.000
           3 | 599575073.000
           7 | 399959204.000
(8 rows)

 id_variable |    consumo    
-------------+---------------
           6 |  13990993.000
           4 | 599243349.000
           5 | 599946778.000
           8 |  50003836.000
           1 | 600331370.000
           2 | 600097267.000
           3 | 599575073.000
           7 | 399959204.000
(8 rows)

 id_variable |    consumo    
-------------+---------------
           6 |  13990993.000
           4 | 599243349.000
           5 | 599946778.000
           8 |  50003836.000
           1 | 600331370.000
           2 | 600097267.000
           3 | 599575073.000
           7 | 399959204.000
(8 rows)

 id_variable |    consumo    
-------------+---------------
           6 |  13990993.000
           4 | 599243349.000
           5 | 599946778.000
           8 |  50003836.000
           1 | 600331370.000
           2 | 600097267.000
           3 | 599575073.000
           7 | 399959204.000
(8 rows)

 id_variable |    consumo    
-------------+---------------
           6 |  13990993.000
           4 | 599243349.000
           5 | 599946778.000
           8 |  50003836.000
           1 | 600331370.000
           2 | 600097267.000
           3 | 599575073.000
           7 | 399959204.000
(8 rows)

 id_variable |    consumo    
-------------+---------------
           6 |  13990993.000
           4 | 599243349.000
           5 | 599946778.000
           8 |  50003836.000
           1 | 600331370.000
           2 | 600097267.000
           3 | 599575073.000
           7 | 399959204.000
(8 rows)

 id_variable |    consumo    
-------------+---------------
           6 |  13990993.000
           4 | 599243349.000
           5 | 599946778.000
           8 |  50003836.000
           1 | 600331370.000
           2 | 600097267.000
           3 | 599575073.000
           7 | 399959204.000
(8 rows)

 id_variable |    consumo    
-------------+---------------
           6 |  13990993.000
           4 | 599243349.000
           5 | 599946778.000
           8 |  50003836.000
           1 | 600331370.000
           2 | 600097267.000
           3 | 599575073.000
           7 | 399959204.000
(8 rows)

 id_variable |    consumo    
-------------+---------------
           6 |  13990993.000
           4 | 599243349.000
           5 | 599946778.000
           8 |  50003836.000
           1 | 600331370.000
           2 | 600097267.000
           3 | 599575073.000
           7 | 399959204.000
(8 rows)

 id_variable |    consumo    
-------------+---------------
           6 |  13990993.000
           4 | 599243349.000
           5 | 599946778.000
           8 |  50003836.000
           1 | 600331370.000
           2 | 600097267.000
           3 | 599575073.000
           7 | 399959204.000
(8 rows)

 id_variable |    consumo    
-------------+---------------
           6 |  13990993.000
           4 | 599243349.000
           5 | 599946778.000
           8 |  50003836.000
           1 | 600331370.000
           2 | 600097267.000
           3 | 599575073.000
           7 | 399959204.000
(8 rows)

 id_variable |    consumo    
-------------+---------------
           6 |  13990993.000
           4 | 599243349.000
           5 | 599946778.000
           8 |  50003836.000
           1 | 600331370.000
           2 | 600097267.000
           3 | 599575073.000
           7 | 399959204.000
(8 rows)

 id_variable |    consumo    
-------------+---------------
           6 |  13990993.000
           4 | 599243349.000
           5 | 599946778.000
           8 |  50003836.000
           1 | 600331370.000
           2 | 600097267.000
           3 | 599575073.000
           7 | 399959204.000
(8 rows)

 id_variable |    consumo    
-------------+---------------
           6 |  13990993.000
           4 | 599243349.000
           5 | 599946778.000
           8 |  50003836.000
           1 | 600331370.000
           2 | 600097267.000
           3 | 599575073.000
           7 | 399959204.000
(8 rows)

 id_variable |    consumo    
-------------+---------------
           6 |  13990993.000
           4 | 599243349.000
           5 | 599946778.000
           8 |  50003836.000
           1 | 600331370.000
           2 | 600097267.000
           3 | 599575073.000
           7 | 399959204.000
(8 rows)

 id_variable |    consumo    
-------------+---------------
           6 |  13990993.000
           4 | 599243349.000
           5 | 599946778.000
           8 |  50003836.000
           1 | 600331370.000
           2 | 600097267.000
           3 | 599575073.000
           7 | 399959204.000
(8 rows)

 id_variable |    consumo    
-------------+---------------
           6 |  13990993.000
           4 | 599243349.000
           5 | 599946778.000
           8 |  50003836.000
           1 | 600331370.000
           2 | 600097267.000
           3 | 599575073.000
           7 | 399959204.000
(8 rows)

 id_variable |    consumo    
-------------+---------------
           6 |  13990993.000
           4 | 599243349.000
           5 | 599946778.000
           8 |  50003836.000
           1 | 600331370.000
           2 | 600097267.000
           3 | 599575073.000
           7 | 399959204.000
(8 rows)

 count 
-------
    48
(1 row)

 count 
-------
    48
(1 row)

 count 
-------
    48
(1 row)

 count 
-------
    48
(1 row)

 count 
-------
    48
(1 row)

 count 
-------
    48
(1 row)

 count 
-------
    48
(1 row)

 count 
-------
    48
(1 row)

 count 
-------
    48
(1 row)

 count 
-------
    48
(1 row)

 count 
-------
    48
(1 row)

 count 
-------
    48
(1 row)

 count 
-------
    48
(1 row)

 count 
-------
    48
(1 row)

 count 
-------
    48
(1 row)

 count 
-------
    48
(1 row)

 count 
-------
    48
(1 row)

 count 
-------
    48
(1 row)

 count 
-------
    48
(1 row)

 count 
-------
    48
(1 row)

 count 
-------
    48
(1 row)

 count 
-------
    48
(1 row)

 count 
-------
    48
(1 row)

 count 
-------
    48
(1 row)

 count 
-------
    48
(1 row)

 count 
-------
    48
(1 row)

 count 
-------
    48
(1 row)

 count 
-------
    48
(1 row)

 count 
-------
    48
(1 row)

 id_variable |       promedio       | mínimo |  máximo  
-------------+----------------------+--------+----------
           6 |  13.9909930000000000 | -2.000 |   30.000
           4 | 599.2433490000000000 |  0.000 | 1200.000
           5 | 599.9467780000000000 |  0.000 | 1200.000
           8 |  50.0038360000000000 |  0.000 |  100.000
           1 | 600.3313700000000000 |  0.000 | 1200.000
           2 | 600.0972670000000000 |  0.000 | 1200.000
           3 | 599.5750730000000000 |  0.000 | 1200.000
           7 | 399.9592040000000000 |  0.000 |  800.000
(8 rows)

 id_variable |       promedio       | mínimo |  máximo  
-------------+----------------------+--------+----------
           6 |  13.9909930000000000 | -2.000 |   30.000
           4 | 599.2433490000000000 |  0.000 | 1200.000
           5 | 599.9467780000000000 |  0.000 | 1200.000
           8 |  50.0038360000000000 |  0.000 |  100.000
           1 | 600.3313700000000000 |  0.000 | 1200.000
           2 | 600.0972670000000000 |  0.000 | 1200.000
           3 | 599.5750730000000000 |  0.000 | 1200.000
           7 | 399.9592040000000000 |  0.000 |  800.000
(8 rows)

 id_variable |       promedio       | mínimo |  máximo  
-------------+----------------------+--------+----------
           6 |  13.9909930000000000 | -2.000 |   30.000
           4 | 599.2433490000000000 |  0.000 | 1200.000
           5 | 599.9467780000000000 |  0.000 | 1200.000
           8 |  50.0038360000000000 |  0.000 |  100.000
           1 | 600.3313700000000000 |  0.000 | 1200.000
           2 | 600.0972670000000000 |  0.000 | 1200.000
           3 | 599.5750730000000000 |  0.000 | 1200.000
           7 | 399.9592040000000000 |  0.000 |  800.000
(8 rows)

 id_variable |       promedio       | mínimo |  máximo  
-------------+----------------------+--------+----------
           6 |  13.9909930000000000 | -2.000 |   30.000
           4 | 599.2433490000000000 |  0.000 | 1200.000
           5 | 599.9467780000000000 |  0.000 | 1200.000
           8 |  50.0038360000000000 |  0.000 |  100.000
           1 | 600.3313700000000000 |  0.000 | 1200.000
           2 | 600.0972670000000000 |  0.000 | 1200.000
           3 | 599.5750730000000000 |  0.000 | 1200.000
           7 | 399.9592040000000000 |  0.000 |  800.000
(8 rows)

 id_variable |       promedio       | mínimo |  máximo  
-------------+----------------------+--------+----------
           6 |  13.9909930000000000 | -2.000 |   30.000
           4 | 599.2433490000000000 |  0.000 | 1200.000
           5 | 599.9467780000000000 |  0.000 | 1200.000
           8 |  50.0038360000000000 |  0.000 |  100.000
           1 | 600.3313700000000000 |  0.000 | 1200.000
           2 | 600.0972670000000000 |  0.000 | 1200.000
           3 | 599.5750730000000000 |  0.000 | 1200.000
           7 | 399.9592040000000000 |  0.000 |  800.000
(8 rows)

 id_variable |       promedio       | mínimo |  máximo  
-------------+----------------------+--------+----------
           6 |  13.9909930000000000 | -2.000 |   30.000
           4 | 599.2433490000000000 |  0.000 | 1200.000
           5 | 599.9467780000000000 |  0.000 | 1200.000
           8 |  50.0038360000000000 |  0.000 |  100.000
           1 | 600.3313700000000000 |  0.000 | 1200.000
           2 | 600.0972670000000000 |  0.000 | 1200.000
           3 | 599.5750730000000000 |  0.000 | 1200.000
           7 | 399.9592040000000000 |  0.000 |  800.000
(8 rows)

 id_variable |       promedio       | mínimo |  máximo  
-------------+----------------------+--------+----------
           6 |  13.9909930000000000 | -2.000 |   30.000
           4 | 599.2433490000000000 |  0.000 | 1200.000
           5 | 599.9467780000000000 |  0.000 | 1200.000
           8 |  50.0038360000000000 |  0.000 |  100.000
           1 | 600.3313700000000000 |  0.000 | 1200.000
           2 | 600.0972670000000000 |  0.000 | 1200.000
           3 | 599.5750730000000000 |  0.000 | 1200.000
           7 | 399.9592040000000000 |  0.000 |  800.000
(8 rows)

 id_variable |       promedio       | mínimo |  máximo  
-------------+----------------------+--------+----------
           6 |  13.9909930000000000 | -2.000 |   30.000
           4 | 599.2433490000000000 |  0.000 | 1200.000
           5 | 599.9467780000000000 |  0.000 | 1200.000
           8 |  50.0038360000000000 |  0.000 |  100.000
           1 | 600.3313700000000000 |  0.000 | 1200.000
           2 | 600.0972670000000000 |  0.000 | 1200.000
           3 | 599.5750730000000000 |  0.000 | 1200.000
           7 | 399.9592040000000000 |  0.000 |  800.000
(8 rows)

 id_variable |       promedio       | mínimo |  máximo  
-------------+----------------------+--------+----------
           6 |  13.9909930000000000 | -2.000 |   30.000
           4 | 599.2433490000000000 |  0.000 | 1200.000
           5 | 599.9467780000000000 |  0.000 | 1200.000
           8 |  50.0038360000000000 |  0.000 |  100.000
           1 | 600.3313700000000000 |  0.000 | 1200.000
           2 | 600.0972670000000000 |  0.000 | 1200.000
           3 | 599.5750730000000000 |  0.000 | 1200.000
           7 | 399.9592040000000000 |  0.000 |  800.000
(8 rows)

 id_variable |       promedio       | mínimo |  máximo  
-------------+----------------------+--------+----------
           6 |  13.9909930000000000 | -2.000 |   30.000
           4 | 599.2433490000000000 |  0.000 | 1200.000
           5 | 599.9467780000000000 |  0.000 | 1200.000
           8 |  50.0038360000000000 |  0.000 |  100.000
           1 | 600.3313700000000000 |  0.000 | 1200.000
           2 | 600.0972670000000000 |  0.000 | 1200.000
           3 | 599.5750730000000000 |  0.000 | 1200.000
           7 | 399.9592040000000000 |  0.000 |  800.000
(8 rows)

 id_variable |       promedio       | mínimo |  máximo  
-------------+----------------------+--------+----------
           6 |  13.9909930000000000 | -2.000 |   30.000
           4 | 599.2433490000000000 |  0.000 | 1200.000
           5 | 599.9467780000000000 |  0.000 | 1200.000
           8 |  50.0038360000000000 |  0.000 |  100.000
           1 | 600.3313700000000000 |  0.000 | 1200.000
           2 | 600.0972670000000000 |  0.000 | 1200.000
           3 | 599.5750730000000000 |  0.000 | 1200.000
           7 | 399.9592040000000000 |  0.000 |  800.000
(8 rows)

 id_variable |       promedio       | mínimo |  máximo  
-------------+----------------------+--------+----------
           6 |  13.9909930000000000 | -2.000 |   30.000
           4 | 599.2433490000000000 |  0.000 | 1200.000
           5 | 599.9467780000000000 |  0.000 | 1200.000
           8 |  50.0038360000000000 |  0.000 |  100.000
           1 | 600.3313700000000000 |  0.000 | 1200.000
           2 | 600.0972670000000000 |  0.000 | 1200.000
           3 | 599.5750730000000000 |  0.000 | 1200.000
           7 | 399.9592040000000000 |  0.000 |  800.000
(8 rows)

 id_variable |       promedio       | mínimo |  máximo  
-------------+----------------------+--------+----------
           6 |  13.9909930000000000 | -2.000 |   30.000
           4 | 599.2433490000000000 |  0.000 | 1200.000
           5 | 599.9467780000000000 |  0.000 | 1200.000
           8 |  50.0038360000000000 |  0.000 |  100.000
           1 | 600.3313700000000000 |  0.000 | 1200.000
           2 | 600.0972670000000000 |  0.000 | 1200.000
           3 | 599.5750730000000000 |  0.000 | 1200.000
           7 | 399.9592040000000000 |  0.000 |  800.000
(8 rows)

 id_variable |       promedio       | mínimo |  máximo  
-------------+----------------------+--------+----------
           6 |  13.9909930000000000 | -2.000 |   30.000
           4 | 599.2433490000000000 |  0.000 | 1200.000
           5 | 599.9467780000000000 |  0.000 | 1200.000
           8 |  50.0038360000000000 |  0.000 |  100.000
           1 | 600.3313700000000000 |  0.000 | 1200.000
           2 | 600.0972670000000000 |  0.000 | 1200.000
           3 | 599.5750730000000000 |  0.000 | 1200.000
           7 | 399.9592040000000000 |  0.000 |  800.000
(8 rows)

 id_variable |       promedio       | mínimo |  máximo  
-------------+----------------------+--------+----------
           6 |  13.9909930000000000 | -2.000 |   30.000
           4 | 599.2433490000000000 |  0.000 | 1200.000
           5 | 599.9467780000000000 |  0.000 | 1200.000
           8 |  50.0038360000000000 |  0.000 |  100.000
           1 | 600.3313700000000000 |  0.000 | 1200.000
           2 | 600.0972670000000000 |  0.000 | 1200.000
           3 | 599.5750730000000000 |  0.000 | 1200.000
           7 | 399.9592040000000000 |  0.000 |  800.000
(8 rows)

 id_variable |       promedio       | mínimo |  máximo  
-------------+----------------------+--------+----------
           6 |  13.9909930000000000 | -2.000 |   30.000
           4 | 599.2433490000000000 |  0.000 | 1200.000
           5 | 599.9467780000000000 |  0.000 | 1200.000
           8 |  50.0038360000000000 |  0.000 |  100.000
           2 | 600.0972670000000000 |  0.000 | 1200.000
           1 | 600.3313700000000000 |  0.000 | 1200.000
           3 | 599.5750730000000000 |  0.000 | 1200.000
           7 | 399.9592040000000000 |  0.000 |  800.000
(8 rows)

 id_variable |       promedio       | mínimo |  máximo  
-------------+----------------------+--------+----------
           6 |  13.9909930000000000 | -2.000 |   30.000
           4 | 599.2433490000000000 |  0.000 | 1200.000
           5 | 599.9467780000000000 |  0.000 | 1200.000
           8 |  50.0038360000000000 |  0.000 |  100.000
           2 | 600.0972670000000000 |  0.000 | 1200.000
           1 | 600.3313700000000000 |  0.000 | 1200.000
           3 | 599.5750730000000000 |  0.000 | 1200.000
           7 | 399.9592040000000000 |  0.000 |  800.000
(8 rows)

 id_variable |       promedio       | mínimo |  máximo  
-------------+----------------------+--------+----------
           6 |  13.9909930000000000 | -2.000 |   30.000
           4 | 599.2433490000000000 |  0.000 | 1200.000
           5 | 599.9467780000000000 |  0.000 | 1200.000
           8 |  50.0038360000000000 |  0.000 |  100.000
           1 | 600.3313700000000000 |  0.000 | 1200.000
           2 | 600.0972670000000000 |  0.000 | 1200.000
           7 | 399.9592040000000000 |  0.000 |  800.000
           3 | 599.5750730000000000 |  0.000 | 1200.000
(8 rows)

 id_variable |       promedio       | mínimo |  máximo  
-------------+----------------------+--------+----------
           6 |  13.9909930000000000 | -2.000 |   30.000
           4 | 599.2433490000000000 |  0.000 | 1200.000
           8 |  50.0038360000000000 |  0.000 |  100.000
           5 | 599.9467780000000000 |  0.000 | 1200.000
           1 | 600.3313700000000000 |  0.000 | 1200.000
           2 | 600.0972670000000000 |  0.000 | 1200.000
           3 | 599.5750730000000000 |  0.000 | 1200.000
           7 | 399.9592040000000000 |  0.000 |  800.000
(8 rows)

 id_variable |       promedio       | mínimo |  máximo  
-------------+----------------------+--------+----------
           6 |  13.9909930000000000 | -2.000 |   30.000
           4 | 599.2433490000000000 |  0.000 | 1200.000
           5 | 599.9467780000000000 |  0.000 | 1200.000
           8 |  50.0038360000000000 |  0.000 |  100.000
           2 | 600.0972670000000000 |  0.000 | 1200.000
           1 | 600.3313700000000000 |  0.000 | 1200.000
           3 | 599.5750730000000000 |  0.000 | 1200.000
           7 | 399.9592040000000000 |  0.000 |  800.000
(8 rows)

 id_variable |       promedio       | mínimo |  máximo  
-------------+----------------------+--------+----------
           6 |  13.9909930000000000 | -2.000 |   30.000
           4 | 599.2433490000000000 |  0.000 | 1200.000
           5 | 599.9467780000000000 |  0.000 | 1200.000
           8 |  50.0038360000000000 |  0.000 |  100.000
           2 | 600.0972670000000000 |  0.000 | 1200.000
           1 | 600.3313700000000000 |  0.000 | 1200.000
           3 | 599.5750730000000000 |  0.000 | 1200.000
           7 | 399.9592040000000000 |  0.000 |  800.000
(8 rows)

 id_variable |       promedio       | mínimo |  máximo  
-------------+----------------------+--------+----------
           6 |  13.9909930000000000 | -2.000 |   30.000
           4 | 599.2433490000000000 |  0.000 | 1200.000
           8 |  50.0038360000000000 |  0.000 |  100.000
           5 | 599.9467780000000000 |  0.000 | 1200.000
           1 | 600.3313700000000000 |  0.000 | 1200.000
           2 | 600.0972670000000000 |  0.000 | 1200.000
           7 | 399.9592040000000000 |  0.000 |  800.000
           3 | 599.5750730000000000 |  0.000 | 1200.000
(8 rows)

 id_variable |       promedio       | mínimo |  máximo  
-------------+----------------------+--------+----------
           6 |  13.9909930000000000 | -2.000 |   30.000
           4 | 599.2433490000000000 |  0.000 | 1200.000
           5 | 599.9467780000000000 |  0.000 | 1200.000
           8 |  50.0038360000000000 |  0.000 |  100.000
           1 | 600.3313700000000000 |  0.000 | 1200.000
           2 | 600.0972670000000000 |  0.000 | 1200.000
           3 | 599.5750730000000000 |  0.000 | 1200.000
           7 | 399.9592040000000000 |  0.000 |  800.000
(8 rows)

 id_variable |       promedio       | mínimo |  máximo  
-------------+----------------------+--------+----------
           6 |  13.9909930000000000 | -2.000 |   30.000
           4 | 599.2433490000000000 |  0.000 | 1200.000
           5 | 599.9467780000000000 |  0.000 | 1200.000
           8 |  50.0038360000000000 |  0.000 |  100.000
           1 | 600.3313700000000000 |  0.000 | 1200.000
           2 | 600.0972670000000000 |  0.000 | 1200.000
           3 | 599.5750730000000000 |  0.000 | 1200.000
           7 | 399.9592040000000000 |  0.000 |  800.000
(8 rows)

 id_variable |       promedio       | mínimo |  máximo  
-------------+----------------------+--------+----------
           6 |  13.9909930000000000 | -2.000 |   30.000
           4 | 599.2433490000000000 |  0.000 | 1200.000
           5 | 599.9467780000000000 |  0.000 | 1200.000
           8 |  50.0038360000000000 |  0.000 |  100.000
           1 | 600.3313700000000000 |  0.000 | 1200.000
           2 | 600.0972670000000000 |  0.000 | 1200.000
           7 | 399.9592040000000000 |  0.000 |  800.000
           3 | 599.5750730000000000 |  0.000 | 1200.000
(8 rows)

 id_variable |       promedio       | mínimo |  máximo  
-------------+----------------------+--------+----------
           6 |  13.9909930000000000 | -2.000 |   30.000
           4 | 599.2433490000000000 |  0.000 | 1200.000
           5 | 599.9467780000000000 |  0.000 | 1200.000
           8 |  50.0038360000000000 |  0.000 |  100.000
           1 | 600.3313700000000000 |  0.000 | 1200.000
           2 | 600.0972670000000000 |  0.000 | 1200.000
           7 | 399.9592040000000000 |  0.000 |  800.000
           3 | 599.5750730000000000 |  0.000 | 1200.000
(8 rows)

 id_variable |       promedio       | mínimo |  máximo  
-------------+----------------------+--------+----------
           6 |  13.9909930000000000 | -2.000 |   30.000
           4 | 599.2433490000000000 |  0.000 | 1200.000
           8 |  50.0038360000000000 |  0.000 |  100.000
           5 | 599.9467780000000000 |  0.000 | 1200.000
           1 | 600.3313700000000000 |  0.000 | 1200.000
           2 | 600.0972670000000000 |  0.000 | 1200.000
           3 | 599.5750730000000000 |  0.000 | 1200.000
           7 | 399.9592040000000000 |  0.000 |  800.000
(8 rows)

 id_variable |       promedio       | mínimo |  máximo  
-------------+----------------------+--------+----------
           6 |  13.9909930000000000 | -2.000 |   30.000
           4 | 599.2433490000000000 |  0.000 | 1200.000
           5 | 599.9467780000000000 |  0.000 | 1200.000
           8 |  50.0038360000000000 |  0.000 |  100.000
           2 | 600.0972670000000000 |  0.000 | 1200.000
           1 | 600.3313700000000000 |  0.000 | 1200.000
           3 | 599.5750730000000000 |  0.000 | 1200.000
           7 | 399.9592040000000000 |  0.000 |  800.000
(8 rows)

 id_variable |       promedio       | mínimo |  máximo  
-------------+----------------------+--------+----------
           6 |  13.9909930000000000 | -2.000 |   30.000
           4 | 599.2433490000000000 |  0.000 | 1200.000
           5 | 599.9467780000000000 |  0.000 | 1200.000
           8 |  50.0038360000000000 |  0.000 |  100.000
           1 | 600.3313700000000000 |  0.000 | 1200.000
           2 | 600.0972670000000000 |  0.000 | 1200.000
           3 | 599.5750730000000000 |  0.000 | 1200.000
           7 | 399.9592040000000000 |  0.000 |  800.000
(8 rows)

