CONSULTA 1
__________________________________________________________________________
11.819437012
5.579471486
5.390449325
5.523538892
5.504512791
5.331244744
5.494977060
6.153480894
5.564661482
5.373630765
5.354969320
5.410722654
6.248794196
7.835276112
8.222204142
6.599581830
6.301272632
6.325316131
6.561804706
5.959303294
6.268691436
8.332353046
7.960801653
8.531223075
7.976956133
7.183334691
8.342242167
8.182002833
7.106421026
*************************************************************************
NÚMERO DE PRUEBAS: 29 | TIEMPO TOTAL: 196.438675528 | PROMEDIO: 6.77
*************************************************************************
CONSULTA 2
__________________________________________________________________________
.531140276
.345326665
.286813455
.260580168
.267133913
.300574937
.211356929
.239323800
.234786371
.274967682
.252737401
.214128804
.170314385
.167614107
.127434383
.129714885
.129943540
.137977412
.134819762
.135149074
.130395698
.129491169
.130360204
.127620592
.129318092
.138490609
.140433569
.127296982
.127269776
*************************************************************************
NÚMERO DE PRUEBAS: 29 | TIEMPO TOTAL: 5.732514640 | PROMEDIO: .19
*************************************************************************
CONSULTA 3
__________________________________________________________________________
8.511912344
9.994185405
9.294283863
7.839611854
7.872430053
7.811253635
7.748178419
7.726504146
7.714360932
7.969812817
7.777793812
7.740844365
7.710615001
7.654201549
8.034087497
7.970786602
7.740152623
7.787967050
7.750200131
7.971001595
7.738947561
7.907328617
7.753033349
7.796252599
7.726150784
7.809626518
7.818554731
7.752002805
7.775703423
*************************************************************************
NÚMERO DE PRUEBAS: 29 | TIEMPO TOTAL: 230.697784080 | PROMEDIO: 7.95
*************************************************************************
