CONSULTA 1
__________________________________________________________________________
18.838950739
11.833990373
10.359982498
11.783298189
11.212405846
10.687734861
10.356989206
10.640896067
10.910885694
10.647651149
10.254373607
10.175192519
10.828363991
11.018139521
12.018608939
12.250815315
11.104404042
10.884160544
10.880108095
10.419702941
10.469783660
10.653345307
11.152151625
10.884494531
10.694762471
10.584504081
10.579768369
10.845771059
10.792982502
*************************************************************************
NÚMERO DE PRUEBAS: 29 | TIEMPO TOTAL: 323.764217741 | PROMEDIO: 11.16
*************************************************************************
CONSULTA 2
__________________________________________________________________________
.294740751
.168610853
.161476440
.172405878
.162389962
.166771135
.205323785
.189437412
.163437114
.177184218
.169669872
.173734656
.165473210
.171054454
.165552624
.165353763
.161134210
.164179593
.167012765
.161335196
.164911437
.167414826
.161560481
.158636748
.169860306
.166359279
.165099539
.164739660
.163890139
*************************************************************************
NÚMERO DE PRUEBAS: 29 | TIEMPO TOTAL: 5.008750306 | PROMEDIO: .17
*************************************************************************
CONSULTA 3
__________________________________________________________________________
11.867039438
11.958656369
11.793303007
11.891270393
12.104667801
12.058297676
11.951188652
11.922615265
11.867236004
11.854274375
11.991491820
11.817399763
11.828346543
11.832172045
12.545289562
12.419997356
12.064260163
12.165741280
12.859300003
12.126910186
12.482857255
12.354739880
12.958118781
12.470372867
12.950137486
12.618774783
12.628559521
12.384150187
12.547937993
*************************************************************************
NÚMERO DE PRUEBAS: 29 | TIEMPO TOTAL: 354.315106454 | PROMEDIO: 12.21
*************************************************************************
