CONSULTA 1
__________________________________________________________________________
5.177739649
2.443845072
2.311298954
2.068514785
2.046569460
2.075226829
2.145933796
2.054612885
2.048461420
2.072259599
2.072859630
2.045604379
2.055846064
2.048892111
2.131233708
2.073835710
2.059298852
2.066155009
2.067215101
2.057511240
2.058938937
2.068448087
2.087267126
2.071233513
2.065542249
2.060087127
2.030729922
2.050436147
2.050611302
*************************************************************************
NÚMERO DE PRUEBAS: 29 | TIEMPO TOTAL: 63.666208663 | PROMEDIO: 2.19
*************************************************************************
CONSULTA 2
__________________________________________________________________________
1.526016293
1.608380459
1.610837322
1.601462489
1.610075079
1.607788476
1.606310535
1.606468069
1.624034037
1.601677350
1.595315890
1.600214585
1.615914803
1.603079785
1.605574953
1.607662107
1.606556953
1.593767178
1.591844096
1.598824440
1.595570665
1.600486242
1.611945524
1.604897966
1.598058214
1.612132409
1.595305922
1.604483114
1.603898286
*************************************************************************
NÚMERO DE PRUEBAS: 29 | TIEMPO TOTAL: 46.448583241 | PROMEDIO: 1.60
*************************************************************************
CONSULTA 3
__________________________________________________________________________
14.500272521
13.201855040
13.190030571
13.193086945
13.090390556
13.627784626
13.444087045
13.420007806
13.656428496
14.120726569
13.466600719
13.163677925
13.180861040
13.194444037
13.270244847
13.152456201
13.293883610
13.159791193
13.248430516
13.481185999
13.659159998
13.694750292
13.260708281
14.666051835
13.210434474
13.369971657
13.451644319
13.434179484
13.450129324
*************************************************************************
NÚMERO DE PRUEBAS: 29 | TIEMPO TOTAL: 390.253275926 | PROMEDIO: 13.45
*************************************************************************
