CONSULTA 1
__________________________________________________________________________
4.598101923
4.512964072
4.453579702
4.339527725
4.365090947
4.358367433
4.347211609
4.384380102
4.424765151
4.450496089
4.372437176
4.433299273
4.415078735
4.337121368
4.386889319
4.414828111
4.402236007
4.329968429
4.369668691
4.446916494
4.382525338
4.392508468
4.374589043
4.433149262
4.392822728
4.341853761
4.250556854
4.335516946
4.246910929
*************************************************************************
NÚMERO DE PRUEBAS: 29 | TIEMPO TOTAL: 127.293361685 | PROMEDIO: 4.38
*************************************************************************
CONSULTA 2
__________________________________________________________________________
18.850584871
.815528683
.801368283
.765872821
1.060165710
.747439566
.760687430
.766029363
.754147382
.755105998
.760380277
.755446607
.750845801
.763374625
.852308186
.980935915
1.040838891
.967046532
.750193096
.762006235
.758628007
.767969025
.754992424
.758235423
.751999970
.764331858
.755645475
.779475413
.745280360
*************************************************************************
NÚMERO DE PRUEBAS: 29 | TIEMPO TOTAL: 41.296864227 | PROMEDIO: 1.42
*************************************************************************
CONSULTA 3
__________________________________________________________________________
32.184746815
33.776906206
35.384309061
36.281611671
37.393371898
33.361798567
36.902009644
32.349232633
32.283347264
31.542097165
31.349637925
32.021613049
33.647603082
33.543016639
34.190311668
32.392398239
33.515055279
34.546459814
31.089620740
31.360150495
33.673805586
30.466928086
31.830520872
31.059453539
31.215721066
31.534563957
30.968686766
31.406698416
31.097778160
*************************************************************************
NÚMERO DE PRUEBAS: 29 | TIEMPO TOTAL: 952.369454302 | PROMEDIO: 32.84
*************************************************************************
