CONSULTA 1
__________________________________________________________________________
7.367494188
1.444935014
1.586520887
1.806800270
1.635906255
1.581564752
1.562896996
1.543432436
1.728131480
2.484895833
1.578582929
1.565795390
1.538065948
1.553894144
1.546211409
1.526674454
1.494540556
1.478649181
1.480295105
1.494265251
1.469721019
1.470716100
1.468701571
1.461036967
1.482450373
1.469674467
1.482338452
1.502695499
1.492859437
*************************************************************************
NÚMERO DE PRUEBAS: 29 | TIEMPO TOTAL: 51.299746363 | PROMEDIO: 1.76
*************************************************************************
CONSULTA 2
__________________________________________________________________________
.393576853
.367882119
.368046765
.372761519
.386392202
.371676712
.369327917
.370118182
.381542206
.373170179
.376630032
.376742401
.375609989
.379360662
.376494136
.374038850
.375238847
.373835480
.390832332
.381848086
.396053709
.381164762
.378391136
.384331221
.375393180
.375903904
.384017255
.374952123
.378588132
*************************************************************************
NÚMERO DE PRUEBAS: 29 | TIEMPO TOTAL: 10.963920891 | PROMEDIO: .37
*************************************************************************
CONSULTA 3
__________________________________________________________________________
.603875416
.570885336
.550714774
.552308964
.558573447
.551646603
.553213145
.557785779
.558550878
.559686695
.553844535
.549899516
.553786319
.556420980
.554705896
.556688729
.554270277
.561361959
.554855777
.558514597
.557191967
.554281675
.556707258
.553982237
.554951464
.557813825
.553723397
.550512824
.556436005
*************************************************************************
NÚMERO DE PRUEBAS: 29 | TIEMPO TOTAL: 16.167190274 | PROMEDIO: .55
*************************************************************************
CONSULTA 4
__________________________________________________________________________
3.899876427
.301451155
.151214836
.156461268
.189142367
.157592613
.183178800
.189112499
.148493951
.185668834
.143504335
.220279935
.241132675
.562613569
.218647903
.157081186
.150779162
.181698625
.147171494
.146915170
.168519377
.157614156
.143728697
.196026145
.385419861
.193506994
.254532728
.300796156
.311725610
*************************************************************************
NÚMERO DE PRUEBAS: 29 | TIEMPO TOTAL: 9.843886528 | PROMEDIO: .33
*************************************************************************
CONSULTA 5
__________________________________________________________________________
15.149473624
.983542335
1.067425144
1.057927400
1.094763896
.915852358
.985846287
1.011536406
.916494987
.919548123
.924648641
.915222495
.892684786
.933883923
.917021180
.918894962
.913981391
.931872851
.900440830
.991152921
.947430068
.923101428
.927601900
.985363534
.934701476
1.236156335
1.360107998
1.535953457
1.552409473
*************************************************************************
NÚMERO DE PRUEBAS: 29 | TIEMPO TOTAL: 43.745040209 | PROMEDIO: 1.50
*************************************************************************
