CONSULTA 1
__________________________________________________________________________
2.146149495
.219835713
.222159538
.219346771
.225994584
.205674219
.216982873
.220997581
.220095200
.215625790
.208827193
.216453904
.221313591
.220289873
.224194709
.224072075
.224804405
.269110304
.212861151
.228082295
.223711673
.252590385
.220145331
.315439548
.302270318
.340874150
.234959463
.217575843
.226275865
*************************************************************************
NÚMERO DE PRUEBAS: 29 | TIEMPO TOTAL: 8.696713840 | PROMEDIO: .29
*************************************************************************
CONSULTA 2
__________________________________________________________________________
.316621271
.230751804
.279297642
.292434538
.279318970
.265567655
.229485471
.296175572
.243539889
.258028352
.242208791
.228163278
.298941747
.271501306
.250970404
.233522323
.237109992
.230448147
.251110282
.241050705
.236336009
.244527618
.290169277
.348515372
.265574811
.262265456
.238143290
.228641612
.244844518
*************************************************************************
NÚMERO DE PRUEBAS: 29 | TIEMPO TOTAL: 7.535266102 | PROMEDIO: .25
*************************************************************************
CONSULTA 3
__________________________________________________________________________
13.687977302
11.206918853
11.249174671
11.076239959
11.271839323
11.059237629
11.178470472
11.357958134
11.204552172
11.425520452
11.814146660
11.151955764
13.306384609
15.346566417
13.734321508
13.122986049
13.169645863
17.794212860
16.554388193
15.939377567
14.947431514
12.885579534
13.298706724
11.301387890
11.178655304
11.306795113
11.233443752
11.104710663
11.245171842
*************************************************************************
NÚMERO DE PRUEBAS: 29 | TIEMPO TOTAL: 365.153756793 | PROMEDIO: 12.59
*************************************************************************
